target_room = rm_room6PRO;
target_x = 1250 * 0.66666666666;
target_y = 700 * 0.66666666666;