target_room = rm_room4PRO;
target_x = 1600 * 0.66666666666;
target_y = 400 * 0.66666666666;