target_room = rm_room12PRO;
target_x = 1500 * 0.66666666666;
target_y = 200 * 0.66666666666;