target_room = rm_room14PRO;
target_x = 300 * 0.66666666666;
target_y = 250 * 0.66666666666;