target_room = rm_room12PRO;
target_x = 1200 * 0.66666666666;
target_y = 800 * 0.66666666666;