target_room = rm_room10PRO;
target_x = 1600 * 0.66666666666;
target_y = 550 * 0.66666666666;