target_room = rm_room6PRO;
target_x = 900 * 0.66666666666;
target_y = 250 * 0.66666666666;