target_room = rm_room5PRO;
target_x = 1170 * 0.66666666666;
target_y = 260 * 0.66666666666;