target_room = rm_room7PRO;
target_x = 900 * 0.66666666666;
target_y = 700 * 0.66666666666;