target_room = rm_room9PRO;
target_x = 860 * 0.66666666666;
target_y = 850 * 0.66666666666;