target_room = rm_room7PRO;
target_x = 850 * 0.66666666666;
target_y = 350 * 0.66666666666;