target_room = rm_room9PRO;
target_x = 1600 * 0.66666666666;
target_y = 450 * 0.66666666666;