target_room = rm_room11PRO;
target_x = 350 * 0.66666666666;
target_y = 630 * 0.66666666666;