target_room = rm_room11PRO;
target_x = 1100 * 0.66666666666;
target_y = 250 * 0.66666666666;