target_room = rm_room13PRO;
target_x = 350 * 0.66666666666;
target_y = 230 * 0.66666666666;