target_room = rm_room2PRO;
target_x = 980 * 0.66666666666;
target_y = 300 * 0.66666666666;