target_room = rm_room8PRO;
target_x = 860 * 0.66666666666;
target_y = 350 * 0.66666666666;