target_room = rm_room5PRO;
target_x = 250 * 0.66666666666;
target_y = 400 * 0.66666666666;